%YAML:1.0
---
R: !!opencv-matrix
   rows: 3
   cols: 3
   dt: d
   data: [ 9.9985518640322257e-001, 3.5793436639289886e-003,
       1.6637142828995720e-002, -3.5745165367168262e-003,
       9.9999356023675900e-001, -3.1986956760113631e-004,
       -1.6638180612844972e-002, 2.6035350397257402e-004,
       9.9986154199566413e-001 ]
T: !!opencv-matrix
   rows: 3
   cols: 1
   dt: d
   data: [ 1.2349816121520166e-001, -6.9204837114482745e-004,
       -2.2846061424068318e-003 ]
R1: !!opencv-matrix
   rows: 3
   cols: 3
   dt: d
   data: [ 9.9999621731538790e-001, -2.0287715686201674e-003,
       -1.8572670345224536e-003, 2.0285147147272391e-003,
       9.9999793273807480e-001, -1.4017000101077464e-004,
       1.8575475679778498e-003, 1.3640197728315335e-004,
       9.9999826545426229e-001 ]
R2: !!opencv-matrix
   rows: 3
   cols: 3
   dt: d
   data: [ 9.9981324297881047e-001, -5.6026674360527655e-003,
       -1.8495655754659918e-002, 5.6052251943725278e-003,
       9.9998428686487129e-001, 8.6451578201878130e-005,
       1.8494880770479762e-002, -1.9010774838512578e-004,
       9.9982893699088837e-001 ]
P1: !!opencv-matrix
   rows: 3
   cols: 4
   dt: d
   data: [ 4.5120761461555651e+002, 0., 3.7720902252197266e+002, 0., 0.,
       4.5120761461555651e+002, 2.5399409675598145e+002, 0., 0., 0., 1.,
       0. ]
P2: !!opencv-matrix
   rows: 3
   cols: 4
   dt: d
   data: [ 4.5120761461555651e+002, 0., 3.7720902252197266e+002,
       5.5733719394732532e+001, 0., 4.5120761461555651e+002,
       2.5399409675598145e+002, 0., 0., 0., 1., 0. ]
Q: !!opencv-matrix
   rows: 4
   cols: 4
   dt: d
   data: [ 1., 0., 0., -3.7720902252197266e+002, 0., 1., 0.,
       -2.5399409675598145e+002, 0., 0., 0., 4.5120761461555651e+002, 0.,
       0., -8.0957743268467528e+000, 0. ]
