%YAML:1.0
---
M1: !!opencv-matrix
   rows: 3
   cols: 3
   dt: d
   data: [ 4.4945212278080913e+002, 0., 3.7341380658413851e+002, 0.,
       4.4945212278080913e+002, 2.4285973028272193e+002, 0., 0., 1. ]
D1: !!opencv-matrix
   rows: 1
   cols: 5
   dt: d
   data: [ -3.2457807707910546e-001, 9.9213649806876331e-002,
       -1.3815901513402140e-003, -1.0125952193489754e-003, 0. ]
M2: !!opencv-matrix
   rows: 3
   cols: 3
   dt: d
   data: [ 4.4945212278080913e+002, 0., 3.6456693877809670e+002, 0.,
       4.4945212278080913e+002, 2.7228929945908595e+002, 0., 0., 1. ]
D2: !!opencv-matrix
   rows: 1
   cols: 5
   dt: d
   data: [ -3.3050645549684027e-001, 1.0715292015661301e-001,
       -5.7468556738689725e-004, 1.0428774325663423e-003, 0. ]
